{
 "cells": [
  {
   "cell_type": "code",
   "execution_count": 1,
   "metadata": {},
   "outputs": [],
   "source": [
    "import numpy as np\n",
    "import matplotlib.pyplot as plt\n",
    "import skfuzzy as fuzz\n",
    "import pandas as pd\n",
    "import plotly.express as px\n",
    "import plotly.graph_objects as go\n",
    "from functools import partial\n",
    "from plotly.subplots import make_subplots\n",
    "import statsmodels.api as sm\n",
    "import scipy.signal as signal"
   ]
  },
  {
   "cell_type": "code",
   "execution_count": 2,
   "metadata": {},
   "outputs": [],
   "source": [
    "def distance_weighted(x, y, mu, eps=1e-3):\n",
    "    if np.abs(np.sum(mu) - 1) > eps:\n",
    "        raise ValueError(\"mu must sum to 1\")\n",
    "    return np.sum(np.array(mu) * (x - y) ** 2)"
   ]
  },
  {
   "cell_type": "markdown",
   "metadata": {},
   "source": [
    "### Preprocessing"
   ]
  },
  {
   "cell_type": "code",
   "execution_count": 3,
   "metadata": {},
   "outputs": [],
   "source": [
    "import pandas as pd\n",
    "train_data = pd.read_csv('data/BATADAL/BATADAL_dataset04.csv')"
   ]
  },
  {
   "cell_type": "code",
   "execution_count": 4,
   "metadata": {},
   "outputs": [],
   "source": [
    "train_data[\"DATETIME\"] = pd.to_datetime(train_data[\"DATETIME\"], format=\"%d/%m/%y %H\")\n",
    "train_data = train_data.set_index(\"DATETIME\")\n",
    "\n",
    "# add all the attacks for training set\n",
    "train_data[\"atk_flag\"] = 0\n",
    "\n",
    "train_data.loc[\"2016-09-13 23:00\":\"2016-09-16 00:00\", \"atk_flag\"] = 1\n",
    "train_data.loc[\"2016-09-26 11:00\":\"2016-09-27 10:00\", \"atk_flag\"] = 1\n",
    "train_data.loc[\"2016-10-09 09:00\":\"2016-10-11 20:00\", \"atk_flag\"] = 1\n",
    "train_data.loc[\"2016-10-29 19:00\":\"2016-11-02 16:00\", \"atk_flag\"] = 1\n",
    "train_data.loc[\"2016-11-26 17:00\":\"2016-11-29 04:00\", \"atk_flag\"] = 1\n",
    "train_data.loc[\"2016-12-06 07:00\":\"2016-12-10 04:00\", \"atk_flag\"] = 1\n",
    "train_data.loc[\"2016-12-14 15:00\":\"2016-12-19 04:00\", \"atk_flag\"] = 1"
   ]
  },
  {
   "cell_type": "code",
   "execution_count": 5,
   "metadata": {},
   "outputs": [],
   "source": [
    "train_data[\"atk_flag\"].value_counts()\n",
    "df_np_label = train_data.drop([\" ATT_FLAG\", \"atk_flag\"], axis=1).values\n"
   ]
  },
  {
   "cell_type": "code",
   "execution_count": 24,
   "metadata": {},
   "outputs": [],
   "source": [
    "# Remove timeseries that are constant on the whole time period.\n",
    "\n",
    "train_data = train_data.loc[:, (train_data != train_data.iloc[0]).any()].copy()"
   ]
  },
  {
   "cell_type": "code",
   "execution_count": 25,
   "metadata": {},
   "outputs": [],
   "source": [
    "def generate_subsequences(data, window_size, step_size):\n",
    "    num_points, num_variables = data.shape\n",
    "    number_subs = int((num_points - window_size)/step_size) + 1  # Number of subsequences\n",
    "\n",
    "    subsequences = np.zeros((number_subs, window_size, num_variables))\n",
    "\n",
    "    for i in range(number_subs):\n",
    "        subsequences[i, :, :] = data[i*step_size:i*step_size+window_size, :]\n",
    "    return subsequences\n",
    "\n",
    "def reconstructed_loss(reconstructed_points, initial_points):\n",
    "    return np.linalg.norm(reconstructed_points - initial_points, ord=2, axis=1)\n"
   ]
  },
  {
   "cell_type": "code",
   "execution_count": 26,
   "metadata": {},
   "outputs": [],
   "source": [
    "window_size = 20\n",
    "stride = 5\n",
    "sequences = generate_subsequences(df_np_label, window_size, stride)\n",
    "label_sequences = generate_subsequences(\n",
    "    train_data[\"atk_flag\"].values.reshape(-1, 1), window_size, stride\n",
    ")"
   ]
  },
  {
   "cell_type": "code",
   "execution_count": 27,
   "metadata": {},
   "outputs": [],
   "source": [
    "sequences_acf = np.zeros_like(sequences)"
   ]
  },
  {
   "cell_type": "code",
   "execution_count": 29,
   "metadata": {},
   "outputs": [],
   "source": [
    "sequences_copy = sequences.copy()\n",
    "\n",
    "for i in range(sequences_copy.shape[0]):\n",
    "    for j in range(sequences_copy.shape[2]):\n",
    "\n",
    "        # check if all values are the same\n",
    "        if np.all(sequences_copy[i, :, j] == sequences_copy[i, 0, j]):\n",
    "            sequences_copy[i, 0, j] += 0.0001\n",
    "            # print(\"warning: constant timeseries\")\n",
    "            \n",
    "        sequences_acf[i, :, j] = sm.tsa.acf(\n",
    "            sequences_copy[i, :, j], nlags=len(sequences_copy[i, :, j]) - 1\n",
    "        )\n",
    "\n",
    "# sequences_acf[np.isnan(sequences_acf)] = sequences[np.isnan(sequences_acf)]"
   ]
  },
  {
   "cell_type": "code",
   "execution_count": 30,
   "metadata": {},
   "outputs": [],
   "source": [
    "data_for_clustering = sequences.reshape(sequences.shape[0], -1)\n",
    "data_for_clustering_shapes = sequences_acf.reshape(sequences_acf.shape[0], -1)"
   ]
  },
  {
   "cell_type": "code",
   "execution_count": 38,
   "metadata": {},
   "outputs": [
    {
     "data": {
      "application/vnd.plotly.v1+json": {
       "config": {
        "plotlyServerURL": "https://plot.ly"
       },
       "data": [
        {
         "coloraxis": "coloraxis",
         "hovertemplate": "x: %{x}<br>y: %{y}<br>color: %{z}<extra></extra>",
         "name": "0",
         "type": "heatmap",
         "x": [
          " L_T1",
          " L_T2",
          " L_T3",
          " L_T4",
          " L_T5",
          " L_T6",
          " L_T7",
          " F_PU1",
          " F_PU2",
          " S_PU2",
          " F_PU4",
          " S_PU4",
          " F_PU6",
          " S_PU6",
          " F_PU7",
          " S_PU7",
          " F_PU8",
          " S_PU8",
          " F_PU10",
          " S_PU10",
          " F_PU11",
          " S_PU11",
          " F_V2",
          " S_V2",
          " P_J280",
          " P_J269",
          " P_J300",
          " P_J256",
          " P_J289",
          " P_J415",
          " P_J302",
          " P_J306",
          " P_J307",
          " P_J317",
          " P_J14",
          " P_J422"
         ],
         "xaxis": "x",
         "y": [
          " L_T1",
          " L_T2",
          " L_T3",
          " L_T4",
          " L_T5",
          " L_T6",
          " L_T7",
          " F_PU1",
          " F_PU2",
          " S_PU2",
          " F_PU4",
          " S_PU4",
          " F_PU6",
          " S_PU6",
          " F_PU7",
          " S_PU7",
          " F_PU8",
          " S_PU8",
          " F_PU10",
          " S_PU10",
          " F_PU11",
          " S_PU11",
          " F_V2",
          " S_V2",
          " P_J280",
          " P_J269",
          " P_J300",
          " P_J256",
          " P_J289",
          " P_J415",
          " P_J302",
          " P_J306",
          " P_J307",
          " P_J317",
          " P_J14",
          " P_J422"
         ],
         "yaxis": "y",
         "z": [
          [
           1,
           -0.25068395095025564,
           -0.04683625598797127,
           0.008463286998449289,
           -0.1064845815220658,
           -0.053738010761978476,
           0.05543193532345669,
           0.007193789529669296,
           -0.2336607862676341,
           -0.20414636488273497,
           -0.03670872070991177,
           -0.02374816989066236,
           -0.009382243298517893,
           -0.008008270252233208,
           0.02139307439454256,
           0.036478626498477135,
           0.012073076997742741,
           -0.004241190238423774,
           0.02806294074430008,
           0.0033570191915424405,
           -0.0018215136473257796,
           -0.0039461823286307835,
           -0.3129104459049926,
           -0.4573400230977492,
           0.44520310852551337,
           -0.009816044744532418,
           -0.3365905813509462,
           -0.08056479926197567,
           -0.3400307756790182,
           -0.012135012138352545,
           0.2536513436814279,
           0.009283238304651841,
           0.2519844948588788,
           -0.013322114086154635,
           0.39873172451111927,
           -0.3583284661184779
          ],
          [
           -0.25068395095025564,
           1,
           -0.2310061358702274,
           0.066507686424042,
           -0.09986120081415745,
           -0.16337023308522594,
           0.0008850328844114058,
           -0.3924174450556393,
           0.4102114841598644,
           0.4098324981205113,
           -0.2415082652074953,
           -0.2622192888420366,
           -0.04660413542738915,
           -0.05184777703844929,
           -0.07722637174713602,
           -0.10703674294743062,
           0.009062814254458271,
           0.0052714978951268095,
           -0.05390797823089972,
           -0.057858091869942826,
           0.018009345089257348,
           0.01799359781840317,
           -0.17603078291636692,
           -0.03168714493698754,
           -0.343639450139169,
           0.39402803944768244,
           0.5952572042825393,
           -0.23792403626827552,
           0.595941147323416,
           -0.07946263636439406,
           0.030834349649388564,
           0.006491669275234981,
           0.03105175280186581,
           -0.07178048841636095,
           0.23091103974896207,
           0.581198528711999
          ],
          [
           -0.04683625598797127,
           -0.2310061358702274,
           1,
           0.19732967901262663,
           0.054911699153129864,
           -0.07941383355552548,
           0.24543076757370402,
           -0.07821510938349786,
           0.07222234845029198,
           0.07321090131793322,
           -0.15786514023196,
           -0.14380542960760867,
           -0.036559936304547,
           -0.03703643673724046,
           -0.23938657650559073,
           -0.2274565278663611,
           -0.37108034140780066,
           -0.3693967621441055,
           -0.28871343587748416,
           -0.2857412885939789,
           -0.006294535233608568,
           -0.0074717696113420695,
           0.36722418074937274,
           0.29746478002212917,
           0.017924184759424068,
           0.07892602080530732,
           0.22102365058476442,
           0.06058787857433032,
           0.22098659625213243,
           -0.12142985004799432,
           0.36225870940830995,
           -0.3089348159676987,
           0.3631929783508921,
           0.0008021411112188771,
           -0.21658225788709587,
           0.22628208307809755
          ],
          [
           0.008463286998449289,
           0.066507686424042,
           0.19732967901262663,
           1,
           -0.03318954937001789,
           -0.0815834788139248,
           0.13256975189836986,
           -0.06514169683345052,
           0.054495472461759516,
           0.054399197735003235,
           -0.17080426876402413,
           -0.1705176781860383,
           -0.08371155052596159,
           -0.09095910250828336,
           -0.18022535884888044,
           -0.18834597482407037,
           -0.08854185812562562,
           -0.09083655737338979,
           -0.12603285939778597,
           -0.12562929388954708,
           -0.012104713619974108,
           -0.012394413113442632,
           0.08487374198228431,
           0.09293402992725514,
           -0.0038351288415743316,
           0.06605109553483851,
           0.22068452866397625,
           -0.10423332048912091,
           0.22038942846432666,
           -0.11886894606160582,
           0.1308081543728029,
           -0.06982067393378875,
           0.13139265708570202,
           -0.03239870252391579,
           -0.013947077457668496,
           0.2110862033748927
          ],
          [
           -0.1064845815220658,
           -0.09986120081415745,
           0.054911699153129864,
           -0.03318954937001789,
           1,
           0.10773791059940471,
           -0.01798339023681181,
           -0.03642130540551365,
           0.046216291600612816,
           0.04460848568463234,
           0.2553473833532725,
           0.25726456328361724,
           -0.015742139676090894,
           -0.018248934986038537,
           0.002315814404998157,
           0.010501079179831941,
           -0.062370406711393246,
           -0.051421400502739065,
           0.02567423784598165,
           0.02778111909699956,
           -0.017020171535448925,
           -0.016936554300272633,
           0.023961870031080603,
           0.004979122836881537,
           -0.06969452786115292,
           0.036576233801514056,
           -0.1263120991415225,
           0.27571336800434965,
           -0.1224840861430202,
           0.01071690533405304,
           0.02012694005788142,
           0.010522699625660306,
           0.01979692858032754,
           0.08397943460025517,
           -0.02597095410455257,
           -0.1108707247954237
          ],
          [
           -0.053738010761978476,
           -0.16337023308522594,
           -0.07941383355552548,
           -0.0815834788139248,
           0.10773791059940471,
           1,
           0.4898662586808487,
           0.04844951507291859,
           -0.0024247081461332455,
           -0.010019559986676354,
           0.26706365078262484,
           0.26946245371589295,
           0.05860895877176536,
           0.05898368579225457,
           0.1394556373296619,
           0.1461606520921956,
           0.07171621328637222,
           0.0790439311920993,
           0.2912298517819304,
           0.3156494472483199,
           -0.00002318178964550964,
           0.0012412186024257162,
           0.026694442676004265,
           0.0027783149481261874,
           -0.07787961185235283,
           -0.047801153030264366,
           -0.22672892083746032,
           0.225642610696317,
           -0.2243292211537095,
           0.12018134629427021,
           -0.19183365625451912,
           0.05817187964094513,
           -0.19347413672524974,
           0.4333801100595636,
           -0.08627961496989002,
           -0.20818427816468307
          ],
          [
           0.05543193532345669,
           0.0008850328844114058,
           0.24543076757370402,
           0.13256975189836986,
           -0.01798339023681181,
           0.4898662586808487,
           1,
           -0.0784517136275646,
           0.04165496123051508,
           0.0467447349692259,
           -0.1143352906247104,
           -0.10891283188123943,
           0.021642093944481258,
           0.014759764004335076,
           -0.09969265971395798,
           -0.10290923579052254,
           -0.15158922853665024,
           -0.15781731716142564,
           -0.2421690527319646,
           -0.22552296961006263,
           -0.037695048767639475,
           -0.039209884665467896,
           0.04788687757467687,
           0.022006247307895244,
           0.03549292309836949,
           0.07831148249868435,
           0.09246991934704803,
           -0.05057204640966567,
           0.09153433698374908,
           -0.04836106611912606,
           0.2492261437375473,
           -0.1274198422649239,
           0.2505249768387706,
           0.06827248622974597,
           0.02998313531434524,
           0.08651596955906868
          ],
          [
           0.007193789529669296,
           -0.3924174450556393,
           -0.07821510938349786,
           -0.06514169683345052,
           -0.03642130540551365,
           0.04844951507291859,
           -0.0784517136275646,
           1,
           -0.9396601517991199,
           -0.9560291927378636,
           0.031820326545165735,
           0.030561619535081252,
           0.052263061125443135,
           0.05562046008155743,
           0.09196797510373578,
           0.09371539409111171,
           0.09928994690003616,
           0.1096755187133294,
           0.09725107067218379,
           0.11053867147109386,
           0.015462705234058613,
           0.01634829347620754,
           0.13583634330818628,
           0.2027457835225926,
           0.6955408629680571,
           -0.9998364405765525,
           -0.18953111457825517,
           -0.026326383709877523,
           -0.19098228357378325,
           0.0632256258363354,
           -0.31175258246588705,
           0.06293780465116487,
           -0.3110781335578392,
           -0.004065194318767154,
           -0.39390979540371673,
           -0.18557017324404126
          ],
          [
           -0.2336607862676341,
           0.4102114841598644,
           0.07222234845029198,
           0.054495472461759516,
           0.046216291600612816,
           -0.0024247081461332455,
           0.04165496123051508,
           -0.9396601517991199,
           1,
           0.9982213136182889,
           -0.005184078941848596,
           -0.010463008698817175,
           -0.04696683416805041,
           -0.05082821169971581,
           -0.04404304729969623,
           -0.05365999170260052,
           -0.039087807590628576,
           -0.042989253765833714,
           -0.043170028807803955,
           -0.045946079906586675,
           -0.006174218994985861,
           -0.006469178729609239,
           0.09131710878693139,
           0.04894599317960744,
           -0.8355521075905891,
           0.942804008518532,
           0.3067232179704732,
           0.05039173368571642,
           0.30934647163369033,
           -0.016983400383955974,
           0.12764580020037034,
           -0.012337066449426155,
           0.12738793539110166,
           0.037908837859338344,
           0.1256215700949365,
           0.3191576186261967
          ],
          [
           -0.20414636488273497,
           0.4098324981205113,
           0.07321090131793322,
           0.054399197735003235,
           0.04460848568463234,
           -0.010019559986676354,
           0.0467447349692259,
           -0.9560291927378636,
           0.9982213136182889,
           1,
           -0.01267065735607103,
           -0.017128358918420246,
           -0.04761006130649116,
           -0.051366763186976215,
           -0.05184902671639015,
           -0.06046786037757062,
           -0.0472449200477023,
           -0.05208312922392573,
           -0.051241415895709685,
           -0.05559423043394347,
           -0.008203194443714458,
           -0.00859991007564698,
           0.0584533080942858,
           0.01328446836165612,
           -0.8165336829312189,
           0.9583586485972402,
           0.2930128218027137,
           0.043294051134249834,
           0.2954273247753508,
           -0.024304367670225778,
           0.15546437662253063,
           -0.01910813626273179,
           0.15514521371737486,
           0.03231837438247122,
           0.1678311832580744,
           0.30288715492880325
          ],
          [
           -0.03670872070991177,
           -0.2415082652074953,
           -0.15786514023196,
           -0.17080426876402413,
           0.2553473833532725,
           0.26706365078262484,
           -0.1143352906247104,
           0.031820326545165735,
           -0.005184078941848596,
           -0.01267065735607103,
           1,
           0.9987019246250733,
           0.007147985027045501,
           0.010777975861132548,
           0.19389676312721035,
           0.21532459779901625,
           0.11012354478314014,
           0.11685973775109619,
           0.20180516879530486,
           0.21087092494336876,
           0.02010612166350788,
           0.020990731031916402,
           -0.025811041784000507,
           -0.08935429421361889,
           -0.09689116338479466,
           -0.03074825335253303,
           -0.5534126287013756,
           0.9564888645702739,
           -0.5398607544908351,
           0.1503921595441867,
           -0.158964771441138,
           0.11535798818227509,
           -0.16006443391270045,
           0.18549529207152088,
           -0.04208432123461672,
           -0.4925444975010188
          ],
          [
           -0.02374816989066236,
           -0.2622192888420366,
           -0.14380542960760867,
           -0.1705176781860383,
           0.25726456328361724,
           0.26946245371589295,
           -0.10891283188123943,
           0.030561619535081252,
           -0.010463008698817175,
           -0.017128358918420246,
           0.9987019246250733,
           1,
           0.0074912293619028075,
           0.011418294342354257,
           0.19467458655049036,
           0.2177597316695864,
           0.10630594392042854,
           0.11276888104950686,
           0.1992134728228104,
           0.20808873605278408,
           0.01878708527969121,
           0.019599229036677344,
           -0.039701433602618796,
           -0.10719562725765168,
           -0.08797361421396525,
           -0.029550129831444057,
           -0.5760739682636123,
           0.9593294488636225,
           -0.5627537718260985,
           0.15319686512352,
           -0.14841965111428185,
           0.11325827529157978,
           -0.1495442509678927,
           0.18914332590409194,
           -0.02761238361883003,
           -0.5165177716230522
          ],
          [
           -0.009382243298517893,
           -0.04660413542738915,
           -0.036559936304547,
           -0.08371155052596159,
           -0.015742139676090894,
           0.05860895877176536,
           0.021642093944481258,
           0.052263061125443135,
           -0.04696683416805041,
           -0.04761006130649116,
           0.007147985027045501,
           0.0074912293619028075,
           1,
           0.9955185315039117,
           -0.2781410103554978,
           -0.23764440593305688,
           0.02174150717151963,
           0.022116585774071024,
           0.03854241115024758,
           0.03987237421852359,
           -0.01273756805530424,
           -0.012757337433127592,
           -0.006554094766326285,
           -0.010682346524807297,
           0.025838284314371594,
           -0.052457817322071866,
           -0.06456281297501694,
           -0.009438591268092334,
           -0.06558378137073424,
           0.09323323473713589,
           -0.0436440107122702,
           0.013082341778529063,
           -0.04375054614156137,
           0.027172502938432798,
           -0.021653252161634093,
           -0.06246175904667522
          ],
          [
           -0.008008270252233208,
           -0.05184777703844929,
           -0.03703643673724046,
           -0.09095910250828336,
           -0.018248934986038537,
           0.05898368579225457,
           0.014759764004335076,
           0.05562046008155743,
           -0.05082821169971581,
           -0.051366763186976215,
           0.010777975861132548,
           0.011418294342354257,
           0.9955185315039117,
           1,
           -0.2715514728648446,
           -0.22497795917137228,
           0.021125453601020944,
           0.02159080268436347,
           0.03973338729760871,
           0.04095770196541848,
           -0.012794908032562521,
           -0.012814766405056594,
           -0.00752618319540139,
           -0.012170394344032815,
           0.03066064154669624,
           -0.05585296184767173,
           -0.07140832969737597,
           -0.005864779560218069,
           -0.07247102948489857,
           0.10389893026101621,
           -0.04393351939079212,
           0.012337764058183714,
           -0.04404908931288372,
           0.02734408373236063,
           -0.021791243892901376,
           -0.06893356669032329
          ],
          [
           0.02139307439454256,
           -0.07722637174713602,
           -0.23938657650559073,
           -0.18022535884888044,
           0.002315814404998157,
           0.1394556373296619,
           -0.09969265971395798,
           0.09196797510373578,
           -0.04404304729969623,
           -0.05184902671639015,
           0.19389676312721035,
           0.19467458655049036,
           -0.2781410103554978,
           -0.2715514728648446,
           1,
           0.9880365991588786,
           0.1525330794659266,
           0.15484428180346657,
           0.2035151586303699,
           0.20724148719613653,
           0.025858439130239295,
           0.02690450732178246,
           0.01731255973865625,
           -0.06734355726389635,
           -0.04662591717446861,
           -0.09156591711848468,
           -0.4223381549139378,
           0.10079857833295426,
           -0.42664229670475495,
           0.8691051423332259,
           -0.21478542345885399,
           0.1214768363032734,
           -0.21573731217451278,
           0.08845834207232453,
           -0.10585747056671395,
           -0.39098973034954904
          ],
          [
           0.036478626498477135,
           -0.10703674294743062,
           -0.2274565278663611,
           -0.18834597482407037,
           0.010501079179831941,
           0.1461606520921956,
           -0.10290923579052254,
           0.09371539409111171,
           -0.05365999170260052,
           -0.06046786037757062,
           0.21532459779901625,
           0.2177597316695864,
           -0.23764440593305688,
           -0.22497795917137228,
           0.9880365991588786,
           1,
           0.1491229782859355,
           0.1513352475475532,
           0.20510588126908716,
           0.2085650172302461,
           0.023939992218853717,
           0.024973653090846645,
           -0.0008344559818126295,
           -0.09154208949570257,
           -0.03318053557531347,
           -0.09343108923189691,
           -0.4606909935439944,
           0.1251068978292568,
           -0.4649243505848357,
           0.8797930030881254,
           -0.20542579119739923,
           0.12028304411168755,
           -0.20643116018476204,
           0.09592610441098266,
           -0.08948448257770268,
           -0.4295007356778033
          ],
          [
           0.012073076997742741,
           0.009062814254458271,
           -0.37108034140780066,
           -0.08854185812562562,
           -0.062370406711393246,
           0.07171621328637222,
           -0.15158922853665024,
           0.09928994690003616,
           -0.039087807590628576,
           -0.0472449200477023,
           0.11012354478314014,
           0.10630594392042854,
           0.02174150717151963,
           0.021125453601020944,
           0.1525330794659266,
           0.1491229782859355,
           1,
           0.998945504358332,
           0.14508499242110892,
           0.18778108276485192,
           0.002487481768159162,
           0.004942111088122063,
           -0.1382918956631578,
           -0.09548599644629027,
           -0.05342550468363815,
           -0.09907018219328108,
           -0.16876676368679533,
           0.008580703192985872,
           -0.16887759851253878,
           0.09058416289921792,
           -0.7576307168617853,
           0.9901499050323456,
           -0.7549672044735857,
           -0.044757757499748745,
           -0.0028851840990004487,
           -0.1685790490776819
          ],
          [
           -0.004241190238423774,
           0.0052714978951268095,
           -0.3693967621441055,
           -0.09083655737338979,
           -0.051421400502739065,
           0.0790439311920993,
           -0.15781731716142564,
           0.1096755187133294,
           -0.042989253765833714,
           -0.05208312922392573,
           0.11685973775109619,
           0.11276888104950686,
           0.022116585774071024,
           0.02159080268436347,
           0.15484428180346657,
           0.1513352475475532,
           0.998945504358332,
           1,
           0.16223069601657694,
           0.20643447894714978,
           0.00853137315260574,
           0.01114347593392801,
           -0.1256308604201426,
           -0.0801773744475408,
           -0.05686252327783502,
           -0.10937576844427917,
           -0.16601247994143198,
           0.01610160083947926,
           -0.1659879453384192,
           0.09357741913967874,
           -0.7786013024881311,
           0.9883714242901166,
           -0.7760181715144726,
           -0.026526981851664286,
           -0.023040158012292887,
           -0.1646993111389185
          ],
          [
           0.02806294074430008,
           -0.05390797823089972,
           -0.28871343587748416,
           -0.12603285939778597,
           0.02567423784598165,
           0.2912298517819304,
           -0.2421690527319646,
           0.09725107067218379,
           -0.043170028807803955,
           -0.051241415895709685,
           0.20180516879530486,
           0.1992134728228104,
           0.03854241115024758,
           0.03973338729760871,
           0.2035151586303699,
           0.20510588126908716,
           0.14508499242110892,
           0.16223069601657694,
           1,
           0.9958516228226135,
           -0.0034269355310026606,
           -0.0039764366533728505,
           -0.1158568425317312,
           -0.10300872047423242,
           -0.04426791219284296,
           -0.09666106106331386,
           -0.2438693442399111,
           0.09962319853600439,
           -0.24304453646068028,
           0.13214182058548704,
           -0.4977520482834173,
           0.0940861707073759,
           -0.5047345967238136,
           0.8069120925014658,
           -0.013562885748117086,
           -0.23609110416068183
          ],
          [
           0.0033570191915424405,
           -0.057858091869942826,
           -0.2857412885939789,
           -0.12562929388954708,
           0.02778111909699956,
           0.3156494472483199,
           -0.22552296961006263,
           0.11053867147109386,
           -0.045946079906586675,
           -0.05559423043394347,
           0.21087092494336876,
           0.20808873605278408,
           0.03987237421852359,
           0.04095770196541848,
           0.20724148719613653,
           0.2085650172302461,
           0.18778108276485192,
           0.20643447894714978,
           0.9958516228226135,
           1,
           0.04260003999692552,
           0.04266615750713893,
           -0.09695412583668649,
           -0.0802785399592714,
           -0.05251755425064918,
           -0.1097963567328203,
           -0.23876072486346755,
           0.11108076335966523,
           -0.23775235811316184,
           0.13826824074800026,
           -0.5479159969114994,
           0.1373993961693808,
           -0.5547144785608277,
           0.8279309490541942,
           -0.04383322462605522,
           -0.2293529012745274
          ],
          [
           -0.0018215136473257796,
           0.018009345089257348,
           -0.006294535233608568,
           -0.012104713619974108,
           -0.017020171535448925,
           -0.00002318178964550964,
           -0.037695048767639475,
           0.015462705234058613,
           -0.006174218994985861,
           -0.008203194443714458,
           0.02010612166350788,
           0.01878708527969121,
           -0.01273756805530424,
           -0.012794908032562521,
           0.025858439130239295,
           0.023939992218853717,
           0.002487481768159162,
           0.00853137315260574,
           -0.0034269355310026606,
           0.04260003999692552,
           1,
           0.9984503523617635,
           0.005592857410555849,
           0.009713555238118317,
           -0.01524303573883426,
           -0.015134266345775273,
           -0.0001075259575724634,
           0.017861854956298887,
           0.00014926667691620235,
           0.016830320458662566,
           -0.1050473165045471,
           -0.005911449770301039,
           -0.10773064245890109,
           0.24910532136260458,
           -0.018155395987810824,
           0.0021184608656269525
          ],
          [
           -0.0039461823286307835,
           0.01799359781840317,
           -0.0074717696113420695,
           -0.012394413113442632,
           -0.016936554300272633,
           0.0012412186024257162,
           -0.039209884665467896,
           0.01634829347620754,
           -0.006469178729609239,
           -0.00859991007564698,
           0.020990731031916402,
           0.019599229036677344,
           -0.012757337433127592,
           -0.012814766405056594,
           0.02690450732178246,
           0.024973653090846645,
           0.004942111088122063,
           0.01114347593392801,
           -0.0039764366533728505,
           0.04266615750713893,
           0.9984503523617635,
           1,
           0.006123018541200131,
           0.010729577601699555,
           -0.01595576013707661,
           -0.016011479796304493,
           -0.000030999180549060714,
           0.018680967374294997,
           0.00023787462654431153,
           0.018149122843668635,
           -0.10750745250318526,
           -0.0034197659507800545,
           -0.1101571948644137,
           0.2503861868731265,
           -0.019245114276847757,
           0.002314968637591712
          ],
          [
           -0.3129104459049926,
           -0.17603078291636692,
           0.36722418074937274,
           0.08487374198228431,
           0.023961870031080603,
           0.026694442676004265,
           0.04788687757467687,
           0.13583634330818628,
           0.09131710878693139,
           0.0584533080942858,
           -0.025811041784000507,
           -0.039701433602618796,
           -0.006554094766326285,
           -0.00752618319540139,
           0.01731255973865625,
           -0.0008344559818126295,
           -0.1382918956631578,
           -0.1256308604201426,
           -0.1158568425317312,
           -0.09695412583668649,
           0.005592857410555849,
           0.006123018541200131,
           1,
           0.9545539000730419,
           -0.17602446377642905,
           -0.13211074136523374,
           0.4815968038654569,
           0.07548507670054827,
           0.48479752570713713,
           0.09174993546844877,
           -0.0951001353553868,
           -0.12804081587178812,
           -0.09340653334412793,
           -0.017694470411603224,
           -0.8894203882584715,
           0.5413439571762693
          ],
          [
           -0.4573400230977492,
           -0.03168714493698754,
           0.29746478002212917,
           0.09293402992725514,
           0.004979122836881537,
           0.0027783149481261874,
           0.022006247307895244,
           0.2027457835225926,
           0.04894599317960744,
           0.01328446836165612,
           -0.08935429421361889,
           -0.10719562725765168,
           -0.010682346524807297,
           -0.012170394344032815,
           -0.06734355726389635,
           -0.09154208949570257,
           -0.09548599644629027,
           -0.0801773744475408,
           -0.10300872047423242,
           -0.0802785399592714,
           0.009713555238118317,
           0.010729577601699555,
           0.9545539000730419,
           1,
           -0.17458779760173582,
           -0.19927163362021827,
           0.5934774838383182,
           0.000028382715510534933,
           0.5968384217377095,
           -0.010129325320683443,
           -0.1785354189140356,
           -0.0927136378751586,
           -0.17654900057403394,
           -0.031081675732551776,
           -0.8866279765674971,
           0.6446142460962839
          ],
          [
           0.44520310852551337,
           -0.343639450139169,
           0.017924184759424068,
           -0.0038351288415743316,
           -0.06969452786115292,
           -0.07787961185235283,
           0.03549292309836949,
           0.6955408629680571,
           -0.8355521075905891,
           -0.8165336829312189,
           -0.09689116338479466,
           -0.08797361421396525,
           0.025838284314371594,
           0.03066064154669624,
           -0.04662591717446861,
           -0.03318053557531347,
           -0.05342550468363815,
           -0.05686252327783502,
           -0.04426791219284296,
           -0.05251755425064918,
           -0.01524303573883426,
           -0.01595576013707661,
           -0.17602446377642905,
           -0.17458779760173582,
           1,
           -0.7008964188408726,
           -0.26006072066835684,
           -0.12019922583565604,
           -0.2637386514591311,
           -0.05464626724287194,
           0.08414941991603718,
           -0.06346426730561952,
           0.08422552020488822,
           -0.07667684481936261,
           0.06382852900381081,
           -0.2838328381454498
          ],
          [
           -0.009816044744532418,
           0.39402803944768244,
           0.07892602080530732,
           0.06605109553483851,
           0.036576233801514056,
           -0.047801153030264366,
           0.07831148249868435,
           -0.9998364405765525,
           0.942804008518532,
           0.9583586485972402,
           -0.03074825335253303,
           -0.029550129831444057,
           -0.052457817322071866,
           -0.05585296184767173,
           -0.09156591711848468,
           -0.09343108923189691,
           -0.09907018219328108,
           -0.10937576844427917,
           -0.09666106106331386,
           -0.1097963567328203,
           -0.015134266345775273,
           -0.016011479796304493,
           -0.13211074136523374,
           -0.19927163362021827,
           -0.7008964188408726,
           1,
           0.19196114241935083,
           0.02779918328941034,
           0.19345022240421153,
           -0.06271221720282845,
           0.3081476028220024,
           -0.06273897492212034,
           0.3074844718633478,
           0.004935919189636541,
           0.3880465319274895,
           0.18832846637942163
          ],
          [
           -0.3365905813509462,
           0.5952572042825393,
           0.22102365058476442,
           0.22068452866397625,
           -0.1263120991415225,
           -0.22672892083746032,
           0.09246991934704803,
           -0.18953111457825517,
           0.3067232179704732,
           0.2930128218027137,
           -0.5534126287013756,
           -0.5760739682636123,
           -0.06456281297501694,
           -0.07140832969737597,
           -0.4223381549139378,
           -0.4606909935439944,
           -0.16876676368679533,
           -0.16601247994143198,
           -0.2438693442399111,
           -0.23876072486346755,
           -0.0001075259575724634,
           -0.000030999180549060714,
           0.4815968038654569,
           0.5934774838383182,
           -0.26006072066835684,
           0.19196114241935083,
           1,
           -0.43925183281459107,
           0.9998578425418971,
           -0.380435787640488,
           0.09236838255698895,
           -0.15412194773883273,
           0.09423420379472984,
           -0.14834040012571056,
           -0.3317894584777066,
           0.9958427049807634
          ],
          [
           -0.08056479926197567,
           -0.23792403626827552,
           0.06058787857433032,
           -0.10423332048912091,
           0.27571336800434965,
           0.225642610696317,
           -0.05057204640966567,
           -0.026326383709877523,
           0.05039173368571642,
           0.043294051134249834,
           0.9564888645702739,
           0.9593294488636225,
           -0.009438591268092334,
           -0.005864779560218069,
           0.10079857833295426,
           0.1251068978292568,
           0.008580703192985872,
           0.01610160083947926,
           0.09962319853600439,
           0.11108076335966523,
           0.017861854956298887,
           0.018680967374294997,
           0.07548507670054827,
           0.000028382715510534933,
           -0.12019922583565604,
           0.02779918328941034,
           -0.43925183281459107,
           1,
           -0.42514945753931693,
           0.10262531200989211,
           -0.049200022496424516,
           0.03870105169432288,
           -0.04985176433867522,
           0.18285941423955265,
           -0.09071293763724374,
           -0.3764851493107534
          ],
